[70, 63, 53, 105, 52, 66, 65, 107, 55, 285, 336, 295, 296, 282, 334, 283, 293, 300] CEJAS
[352, 346, 347, 280, 266, 330, 425, 118, 101, 142, 36, 50, 117, 123] CACHETES
[381, 380, 477, 477, 373, 390, 256, 252, 253, 254, 339, 255, 359, 446, 26, 154, 22, 153, 23, 145, 24, 144, 110, 163, 25, 163, 7, 130, 256, 341, 382] PARPADOS INFERIORES
[64, 235, 235, 98, 327, 294, 455, 278, 360, 363, 281, 5, 51, 134, 131, 64, 102, 331, 131, 131, 134, 79, 239, 44, 274, 459, 457, 309, 289, 59, 131, 134] NARIZ
[185, 74, 39, 37, 0, 267, 269, 270, 409, 272, 271, 268, 12, 38, 41, 40] LABIO SUPERIOR
[314, 405, 321, 17, 84, 181, 91, 146, 320, 403, 316, 15, 86, 179, 90, 180, 85, 315, 16, 404, 320] LABIO INFERIOR
[382, 381, 380, 477, 373, 390, 249, 263, 466, 388, 387, 386, 385, 476, 381, 384, 398, 173, 157, 158, 159, 
160, 161, 7, 33, 163, 144, 145, 153, 154] OJOS (ABIERTOS CERRADOS)

[152, 10, 454, 234] puntos del rostro pera frente oreja izq oreja derecha para la calibracion.
